0.021571055
0.101718204
0.022951688
0.025231118
0.100545156
0.105441431
0.021273499
0.105254483
0.020938128
0.102216716
0.103809479
0.105232928
0.105616871
0.022844872
0.025149501
0.105150479
0.024432043
0.022443773
0.105251664
0.025160562
0.023457044
0.020377123
0.020413144
0.024696660
0.025153557
0.105245077
0.105292271
0.025217679
0.025165231
0.020510828
0.105426310
0.105654404
0.020498195
0.104076110
0.105343022
0.104651325
0.025342590
0.021303684
0.105247674
0.025239113
0.023060296
0.105732166
0.103460586
0.025308738
0.025355723
0.021390443
0.025396163
0.101239494
0.025137011
0.105467720
0.100634909
0.103428882
0.102448777
0.025492448
0.103904239
0.025258731
0.025328937
0.105532967
0.103333578
0.104529056
0.105116519
0.025203282
0.025403731
0.101826967
0.022269539
0.025467680
0.105338386
0.024935713
0.025303295
0.021897913
0.025425989
0.023074662
0.025296207
0.105349643
0.105577021
0.023492647
0.022985111
0.022193997
0.025232922
0.105235578
0.021942271
0.105345182
0.100475639
0.105358362
0.025329573
0.021818413
0.103021988
0.025263787
0.025264203
0.100971223
0.105422364
0.025188286
0.105639483
0.103961844
0.021338189
0.105636315
0.025195123
0.102898211
0.101584332
0.100425622
0.105338476
0.020465774
0.025196402
0.105371119
0.025218373
0.025008591
0.105502982
0.025288912
0.025236591
0.025343191
0.025428446
0.025154922
0.022334296
0.102722378
0.104101382
0.025325640
0.105484537
0.022311600
0.103506955
0.105438538
0.020794657
0.105450461
0.106621341
0.024985873
0.105643815
0.100870618
0.100312944
0.022118162
0.025254977
0.101666043
0.105497046
0.021266749
0.105300483
0.101201766
0.101491629
0.102556277
0.025311853
0.105572170
0.105149237
0.104816685
0.025203546
0.101428514
0.105464641
0.101462879
0.025284073
0.101870801
0.104416843
0.104954832
0.025332682
0.025285407
0.102058441
0.105244776
0.025357445
0.025354901
0.105649405
0.020784529
0.022397285
0.023074801
0.020301534
0.023192487
0.025268102
0.105395640
0.104038231
0.101629485
0.025241796
0.101969412
0.020305411
0.025180931
0.025382203
0.105491523
0.101453144
0.024016371
0.104183306
0.025231249
0.025173290
0.024608271
0.024694731
0.103860353
0.101339358
0.025302042
0.020931643
0.100906929
0.020694773
0.105626380
0.021116863
0.024966620
0.103032889
0.020967496
0.025054248
0.025161386
0.025126244
0.024901503
0.025097396
0.103305987
0.103561796
0.105246767
0.022506689
0.024661359
0.025209094
0.025202382
0.025270583
0.105468045
0.105162141
0.025190751
0.103928477
0.025196754
0.025246112
0.105240639
0.020287569
0.105442699
0.105394258
0.021656302
0.022146883
0.105186024
0.104510228
0.105404882
0.024412306
0.105248013
0.105517147
0.104763104
0.021293749
0.025358486
0.101311840
0.105231671
0.024600400
0.022485052
0.101154628
0.025230831
0.025569624
0.105063954
0.105696099
0.101783710
0.025217283
0.022363499
0.102362162
0.025285608
0.025187936
0.024565378
0.023714332
0.025204319
0.025172844
0.105267888
0.105242751
0.103247711
0.025177140
0.025203736
0.103292613
0.105493981
0.021050081
0.100600965
0.105227559
0.025229165
0.025218785
0.105352246
0.025216992
0.105245027
0.025065501
0.102047255
0.100514271
0.025158432
0.025301375
0.025269777
0.105436968
0.105633813
0.021012883
0.105181802
0.105558027
0.105498206
0.023377611
0.025135587
0.105578745
0.021114806
0.025165268
0.105384287
0.105407916
0.025361962
0.025176665
0.101677042
0.025215266
0.105622436
0.022954181
0.105245671
0.105433219
0.104512695
0.021073737
0.105430718
0.024937467
0.025368215
0.025165076
0.025470514
0.101189999
0.022247586
0.020459277
0.025246221
0.025235133
0.105503784
0.024625801
0.021069984
0.105366052
0.020307871
0.020839541
0.023298420
0.025026116
0.025180190
0.025021405
0.105509246
0.100908264
0.100847361
0.024376099
0.021816172
0.101725264
0.025247584
0.020576963
0.024376298
0.102973940
0.100953111
0.024918971
0.025043571
0.100834514
0.104825439
0.020954224
0.105397209
0.102548624
0.024065124
0.025110022
0.025102519
0.105640028
0.100938789
0.025275494
0.105229817
0.103266653
0.102800884
0.025169950
0.102213666
0.020415796
0.024274302
0.025245100
0.105333197
0.101465655
0.023747497
0.025205922
0.105444694
0.105456928
0.022735142
0.025098245
0.105439160
0.104930032
0.104406541
0.105494993
0.020119100
0.105259249
0.105364631
0.025037331
0.103763595
0.104002087
0.103962866
0.022526928
0.105347867
0.024768899
0.025184483
0.024984706
0.105511627
0.101687848
0.025089466
0.100480486
0.025132352
0.024954352
0.025177987
0.025048537
0.025124233
0.105253517
0.104774727
0.024796005
0.025008397
0.101992402
0.102649877
0.025177180
0.025051847
0.105507006
0.021058230
0.100388392
0.105459870
0.025044727
0.101711048
0.025187673
0.105408904
0.105035571
0.101109889
0.021708775
0.105591891
0.021049572
0.025066918
0.025079993
0.105449690
0.100340876
0.020711580
0.105419127
0.021191148
0.024070098
0.025135291
0.025107434
0.105203264
0.105423957
0.103638682
0.025155920
0.025084049
0.105368829
0.024107562
0.022785703
0.025282553
0.105321524
0.105175988
0.021843321
0.020249378
0.105310156
0.105258604
0.025157046
0.025164167
0.101497444
0.105367454
0.025064311
0.025089379
0.102035282
0.103948315
0.021535570
0.021929965
0.105241686
0.025184276
0.100489956
0.105140329
0.025158624
0.105430451
0.021441416
0.105160775
0.105746517
0.024589581
0.021770891
0.025006360
0.105173328
0.023786736
0.021143747
0.022110459
0.103961252
0.105424439
0.020801187
0.025029295
0.025109584
0.020240499
0.021152908
0.104655699
0.100875468
0.023253740
0.025203365
0.103935725
0.025204781
0.025119495
0.025250380
0.102740403
0.105270957
0.104534804
0.105124867
0.023410602
0.025274031
0.100464419
0.021459260
0.021037441
0.105315808
0.025327420
0.102670958
0.105170259
0.020577477
0.104454349
0.023078656
0.105208709
0.105099138
0.102702180
0.020702688
0.022794550
0.020546849
0.025312780
0.025317403
0.105373500
0.104801539
0.105637992
0.021179822
0.023014272
0.105123793
0.025391407
0.025301494
0.025207055
0.104179920
0.100672394
0.025496357
0.021654908
0.025364296
0.025223406
0.025118747
0.105330118
0.105386259
0.023485655
0.025419853
0.025273048
0.102961255
0.025268758
0.021604932
0.105271938
0.105385884
0.024856623
0.102987873
0.105389649
0.025199477
0.022062114
0.023938052
0.105409431
0.100662261
0.020373592
0.020538018
0.105595846
0.023926557
0.105322887
0.025161619
0.105563778
0.104928567
0.020660219
0.101065248
0.107684261
0.019170209
0.105341941
0.025199643
0.021131611
0.100612736
0.020847233
0.105510701
0.104788389
0.020275439
0.105459598
0.021400578
0.103220608
0.104989492
0.021592437
0.105544843
0.024274337
0.021806724
0.021575153
0.025071468
0.025190712
0.105598404
0.101005996
0.022611519
0.101191129
0.021154949
0.025021281
0.025158683
0.105361085
0.100353722
0.022624847
0.024914908
0.101268925
0.023136181
0.022048728
0.025075553
0.023038969
0.105418767
0.024949601
0.105565044
0.100457193
0.020160462
0.105366786
0.021155909
0.104297244
0.100354358
0.025255192
0.104514367
0.105342619
0.105079275
0.023757023
0.025920895
0.023609285
0.105507992
0.100822214
0.020271928
0.020766622
0.020280633
0.022405020
0.025170837
0.020615926
0.105348843
0.025709764
0.105485958
0.101806561
0.025309452
0.104388837
0.021950675
0.104795305
0.103577145
0.101227294
0.021466260
0.024932057
0.100977130
0.100434361
0.023623303
0.104923178
0.104474583
0.023512800
0.103010171
0.105241519
0.105646178
0.101502784
0.022617641
0.105232188
0.100358742
0.024829458
0.105479150
0.101258989
0.024955042
0.021976642
0.022720648
0.105375975
0.102772711
0.102281360
0.023714901
0.105260317
0.025471277
0.105283059
0.025272588
0.100883374
0.105255068
0.104101591
0.024291806
0.101863197
0.020709244
0.020860822
0.025208858
0.105632450
0.105121639
0.020256550
0.101484610
0.022432253
0.022193698
0.105961688
0.022215274
0.100295329
0.100679009
0.020396635
0.105227609
0.104540849
0.105456752
0.100744048
0.025108095
0.103478305
0.105477179
0.021960909
0.101975630
0.101015265
0.101840833
0.025224273
0.023781497
0.105597105
0.101483055
0.105469928
0.100547348
0.105260525
0.020261848
0.104482681
0.025151937
0.025330309
0.105278812
0.020209986
0.020615132
0.020842159
0.025192260
0.025229835
0.025172973
0.105256318
0.025285695
0.025232042
0.025304024
0.105514627
0.024256248
0.025181222
0.025224959
0.101445744
0.104587790
0.021255162
0.105420175
0.103383743
0.100217786
0.103952190
0.025324612
0.025312323
0.105476454
0.022939511
0.025281247
0.025107329
0.025192935
0.025190185
0.025207139
0.105373673
0.101256441
0.025232920
0.102721908
0.105399816
0.105093633
0.025241251
0.020311050
0.105466718
0.101302597
0.025151230
0.101617943
0.102275757
0.102212751
0.104850969
0.025167207
0.105282088
0.105570696
0.104659466
0.020530659
0.105249553
0.023615234
0.020985732
0.025235277
0.025173872
0.105256677
0.025231568
0.025202283
0.025138505
0.021149907
0.025277517
0.025170484
0.105278784
0.101561115
0.024429524
0.025168133
0.023764067
0.021764072
0.105453875
0.022976550
0.103941830
0.100525520
0.025235287
0.105042537
0.105112815
0.101632935
0.021675172
0.020755168
0.103368679
0.104928281
0.105340625
0.025356182
0.020441626
0.101832240
0.100342626
0.022240311
0.105513636
0.104044061
0.104041436
0.023588658
0.105350828
0.105166040
0.101333991
0.022923229
0.105434831
0.105419292
0.024096707
0.024067628
0.105094636
0.023120489
0.100762583
0.024427945
0.105446329
0.102587247
0.106139106
0.019926947
0.023811250
0.100622839
0.024885051
0.023218838
0.024781858
0.105577027
0.025290533
0.025191840
0.025426722
0.020633468
0.105209664
0.025328986
0.025335152
0.105485373
0.023290120
0.020817024
0.021723599
0.024755862
0.025238458
0.025188590
0.101512317
0.025284167
0.021579161
0.023651885
0.102433077
0.025355241
0.025610873
0.025022119
0.105372227
0.103898465
0.025111731
0.103624544
0.102560352
0.103417696
0.100640317
0.021059564
0.020651744
0.103592699
0.024214917
0.021005846
0.020658512
0.022008516
0.021952315
0.023330482
0.105548873
0.105407307
0.025062523
0.102293890
0.105549332
0.104006933
0.024285492
0.020257728
0.105368353
0.104895220
0.025440592
0.101137891
0.102407838
0.102301016
0.103352945
0.021282081
0.105434887
0.101491812
0.103931257
0.026081105
0.105267489
0.021583507
0.023521340
0.025218365
0.020796634
0.105407773
0.024901580
0.022553345
0.022897313
0.020895879
0.020221610
0.020173365
0.105229531
0.105591830
0.023168995
0.023656949
0.021558024
0.024371630
0.100861699
0.020496458
0.100338999
0.103521569
0.023222074
0.105472883
0.105443311
0.103152620
0.025288593
0.025306133
0.105232363
0.104890184
0.104997383
0.025243347
0.020498201
0.105516715
0.102397434
0.025203516
0.105493800
0.101013798
0.101505468
0.025170725
0.101364561
0.103367832
0.105414644
0.025215305
0.100961923
0.105383687
0.020864286
0.022677031
0.105342606
0.025206890
0.105570715
0.025026613
0.105314740
0.100645483
0.100262299
0.021585641
0.025148673
0.105527353
0.023035219
0.025249542
0.025386868
0.101708710
0.025297415
0.025134466
0.025216795
0.025165714
0.105213496
0.025230710
0.020457002
0.105294784
0.021537376
0.020777123
0.025300646
0.023939214
0.103060073
0.023846261
0.024513060
0.105293211
0.025251856
0.025112239
0.025233440
0.022873810
0.020948906
0.025194776
0.101462320
0.020772581
0.022449956
0.025164652
0.105436412
0.022852186
0.020557300
0.025186277
0.105680441
0.105492848
0.022209325
0.105118985
0.104263602
0.101592542
0.105515052
0.023353363
0.025272036
0.100289469
0.021988417
0.025172623
0.025175999
0.025181456
0.025447946
0.025077169
0.102502839
0.105619841
0.022290630
0.105757614
0.102980279
0.105382000
0.021339575
0.023642382
0.105474497
0.102469253
0.024088161
0.105201588
0.105746239
0.103198898
0.105801413
0.022683008
0.101193533
0.103697775
0.105433908
0.025393704
0.102504507
0.025214291
0.025442912
0.025196708
0.025352747
0.105263536
0.025164250
0.025307623
0.025114626
0.022034355
0.025151250
0.025244416
0.101731314
0.105501693
0.020470871
0.025309613
0.025226739
0.024143250
0.100339670
0.025276114
0.105570116
0.105248786
0.025267947
0.105482658
0.105081955
0.100534918
0.025252197
0.025249530
0.105188162
0.104036127
0.105297671
0.020771434
0.025203138
0.104530548
0.101985550
0.021593308
0.105561671
0.100767135
0.105041005
0.025278263
0.105593713
0.105100948
0.101453247
0.024043437
0.105276027
0.105523362
0.023741184
0.025307447
0.105327527
0.025117487
0.101518747
0.020216408
0.105475778
0.104447729
0.105539778
0.022875011
0.021582116
0.105385272
0.020638505
0.025236914
0.023034212
0.105437980
0.025189788
0.020532087
0.020605505
0.024296941
0.100686902
0.020857926
0.021566020
0.105244894
0.020246124
0.020465919
0.023886184
0.025188747
0.102060633
0.025204247
0.025217372
0.105439564
0.021090179
0.021267465
0.025153581
0.025162541
0.103215307
0.025253334
0.104468631
0.025203458
0.025261584
0.105218899
0.105738287
0.023011612
0.101528890
0.020884685
0.105455738
0.105310859
0.100498927
0.102879467
0.025322999
0.025263623
0.104742736
0.025164453
0.025132701
0.105365632
0.025098450
0.025243247
0.025238622
0.023132344
0.025235579
0.025127535
0.101762388
0.105545888
0.024184087
0.020394796
0.024196962
0.105533554
0.105431663
0.021117236
0.103692224
0.103833480
0.103582595
0.025230277
0.025367409
0.105142283
0.020410623
0.023477998
0.105201661
0.103770644
0.020761221
0.025226444
0.022407330
0.020474667
0.103457898
0.024717611
0.101941220
0.100471816
0.105364969
0.104232831
0.025444313
0.105485308
0.024506977
0.021792012
0.105102039
0.103458960
0.102626378
0.101631838
0.024030673
0.025290700
0.105554881
0.024824258
0.025160319
0.105505503
0.025329078
0.025801896
0.023758740
0.025313702
0.021206348
0.023000574
0.105454792
0.100541976
0.021512282
0.022067646
0.025108941
0.024904596
0.105792477
0.024459196
0.103221336
0.105504048
0.105340955
0.024087472
0.024967778
0.102620283
0.023547147
0.025427723
0.100525443
0.101966701
0.023655237
0.103266949
0.105525007
0.022259191
0.105306911
0.020279374
0.110386160
0.102194630
0.105467692
0.103599228
0.025335309
0.021114015
0.105407688
0.023534433
0.022942559
0.105412397
0.022800590
0.022645164
0.025184382
0.020504722
0.025137087
0.025197216
0.105582825
0.104846056
0.022444716
0.104745302
0.021862088
0.103584838
0.105068576
0.024403283
0.104148881
0.102089640
0.020109746
0.105391392
0.105488025
0.101412172
0.024130127
0.021628586
0.102096011
0.105382743
0.020679965
0.105498169
0.103259858
0.102823280
0.101523922
0.021935820
0.102987211
0.105100260
0.105507452
0.024910890
0.103904398
0.100818706
0.105433576
0.020371193
0.101317834
0.100797246
0.100536681
0.020576211
0.020781813
0.105302023
0.105292647
0.022762198
0.025540529
0.101197895
0.025402213
0.025018385
0.024433747
0.020941621
0.020726643
0.023369186
0.106815308
0.104789991
0.100731728
0.025266201
0.105491682
0.022250705
0.019304007
0.021088135
0.101491176
0.101774286
0.020660178
0.100769383
0.022044773
0.025242723
0.025233346
0.025158005
0.101001892
0.102381073
0.024258497
0.025254140
0.105246655
0.021679237
0.101946404
0.025272808
0.024843891
0.104297350
0.022125031
0.022407144
0.023937257
0.025264432
0.022838354
0.020199920
0.105375499
0.102133840
0.104101551
0.024187129
0.021487089
0.025314500
0.025173359
0.023838216
0.105076155
0.103779849
0.022862571
0.105114033
0.020549907
0.020284669
0.105516869
0.021054418
0.103176702
0.102880701
0.022797690
0.025285094
0.101863875
0.104174594
0.105195417
0.023508853
0.104629394
0.104910593
0.105217836
0.020927230
0.023830222
0.101567550
0.105371557
0.022153320
0.025317858
0.102838204
0.021040313
0.020407530
0.103905496
0.101207761
0.102588465
0.021649177
0.025460292
0.105185188
0.022412016
0.019335529
0.020618722
0.020210173
0.020286516
0.025176259
0.105618072
0.101990307
0.104765100
0.025225854
0.025090045
0.105325586
0.103861697
0.020869151
0.100257878
0.101839865
0.022777428
0.022741465
0.100979092
0.020948536
0.105487314
0.020921157
0.105498232
0.105430572
0.020910262
0.025072836
0.025169224
0.101390195
0.105447923
0.024830388
0.102874719
0.105480927
0.102386197
0.020280431
0.021090535
0.105298070
0.025160640
0.025141470
0.103329447
0.105333797
0.025147552
0.025141301
0.105426976
0.024940149
0.105517530
0.022356431
0.100861952
0.105392972
0.100317838
0.020668581
0.105185111
0.024697575
0.024720704
0.025138426
0.023091362
0.105049034
0.020636091
0.022646160
0.025226515
0.025012736
0.105318459
0.025230349
0.023038755
0.104330198
0.025221723
0.021801460
0.025107540
0.025129752
0.025145837
0.025127209
0.103018518
0.101795016
0.105399595
0.022953285
0.024918223
0.105534377
0.021257191
0.025173748
0.025160371
0.104662223
0.105442041
0.022043428
0.020510668
0.100239802
0.101335916
0.020387400
0.105159836
0.101827652
0.021075957
0.020321724
0.021488432
0.105192173
0.105477933
0.024917989
0.105395127
0.101023195
0.101219932
0.020204005
0.102686897
0.025175068
0.025018920
0.025051300
0.100235537
0.102318010
0.024130998
0.020885731
0.105239104
0.104603254
0.021540336
0.025229976
0.102390626
0.103610020
0.104418474
0.103506253
0.020582650
0.105362783
0.105361992
0.020630532
0.105411291
0.103284845
0.101983253
0.024408662
0.102260574
0.022351343
0.023724514
0.025086351
0.105405062
0.105213657
0.025116105
0.105526998
0.024556810
0.024355945
0.025226997
0.024639157
0.021693824
0.101095435
0.105445526
0.023478685
0.025054262
0.102816931
0.104890947
0.020309816
0.023491531
0.101734444
0.025209096
0.103959882
0.102476021
0.024994603
0.105562512
0.022364893
0.105194995
0.105446327
0.104669451
0.021328520
0.105238704
0.024934859
0.025269037
0.020330358
0.105271376
0.105440529
0.020414371
0.103113358
0.025170397
0.025060462
0.025100802
0.025157352
0.100484596
0.105318801
0.105376519
0.022992958
0.023231825
0.105266066
0.020521924
0.025134611
0.024225959
0.104201305
0.104636419
0.020534926
0.025093438
0.105261564
0.105361623
0.020435619
0.021611523
0.102961514
0.105445804
0.020135068
0.022161115
0.101131923
0.104677976
0.020293002
0.023700333
0.105117801
0.023595982
0.105510910
0.105389681
0.024923292
0.105659560
0.021410942
0.101088406
0.105268702
0.025132119
0.022443744
0.025273893
0.105209655
0.020325747
0.025084575
0.024430628
0.105643890
0.101738461
0.025104329
0.024731888
0.022453242
0.025170507
0.022952162
0.105335962
0.105362759
0.025023397
0.020573999
0.103153165
0.024795525
0.025111330
0.024018681
0.102419843